The given matrix is
5.000000	0.000000	1.000000	
0.000000	-2.000000	0.000000	
1.000000	0.000000	5.000000	


Sl.No	     X1		    x2		    x3		     C		 errorMax
1	 1.000000	 1.000000	 1.000000	 6.000000	 0.666667
2	 1.000000	-0.333333	 1.000000	 6.000000	 0.222222
3	 1.000000	 0.111111	 1.000000	 6.000000	 0.074074
4	 1.000000	-0.037037	 1.000000	 6.000000	 0.024691
5	 1.000000	 0.012346	 1.000000	 6.000000	 0.008230
6	 1.000000	-0.004115	 1.000000	 6.000000	 0.002743
7	 1.000000	 0.001372	 1.000000	 6.000000	 0.000914
8	 1.000000	-0.000457	 1.000000	 6.000000	 0.000305
9	 1.000000	 0.000152	 1.000000	 6.000000	 0.000102
10	 1.000000	-0.000051	 1.000000	 6.000000	 0.000034

The required eigen value is 6.000000

The required eigen vector is :
1.000000
0.000017
1.000000
